version https://git-lfs.github.com/spec/v1
oid sha256:0196d41a48e058effafcbd7b4c5904728603823238c3408fee055b608f4b2353
size 1322628
